00000900000
00000930050
00000930049
00000930048
00000930046
00000930042
00000930045
00000930045
00000930044
00000930043
00000930041
00000930040
00000930037
00000930039
00000930038
00000930034
00000930029
00000930032
00000930033
00000930030
00000930025
00000930026
00000930027
00000930028
00000930031
00000930023
00000930023
00000930024
00000930013
00000930024
00000930013
00000930021
00000930022
00000930016
00000930018
00000930019
00000930016
00000930018
00000930014
00000930017
00000930012
00000930011
00000930015
00000930015
00000930009
00000930008
00000930006
00000930007
00000930005
00000930005
00000930000
00000930001
00000930002
00000930003
00000930010